# unix_time, cycles_done, cur_path, paths_total, pending_total, pending_favs, map_size, unique_crashes, unique_hangs, max_depth, execs_per_sec
1610961559, 0, 0, 101, 101, 1, 0.01%, 0, 0, 1, 3206.35
1610961564, 1, 6, 103, 100, 0, 0.01%, 5, 0, 2, 2838.28
1610961569, 1, 21, 103, 95, 0, 0.01%, 5, 0, 2, 2797.66
1610961575, 1, 52, 103, 90, 0, 0.01%, 5, 0, 2, 2688.65
1610961580, 1, 96, 103, 85, 0, 0.01%, 5, 0, 2, 2753.89
1610961585, 2, 30, 103, 80, 0, 0.01%, 5, 0, 2, 2735.56
1610961590, 2, 66, 103, 75, 0, 0.01%, 5, 0, 2, 2681.82
1610961595, 2, 91, 103, 70, 0, 0.01%, 6, 0, 2, 2722.07
1610961600, 3, 20, 103, 66, 0, 0.01%, 6, 0, 2, 2683.42
1610961605, 3, 35, 103, 61, 0, 0.01%, 6, 0, 2, 2744.72
1610961610, 3, 49, 103, 56, 0, 0.01%, 6, 0, 2, 2690.26
1610961615, 3, 87, 103, 51, 0, 0.01%, 6, 0, 2, 2746.51
1610961620, 4, 0, 103, 48, 0, 0.01%, 6, 0, 2, 2739.04
1610961625, 4, 47, 103, 43, 0, 0.01%, 6, 0, 2, 2709.03
1610961630, 4, 85, 103, 38, 0, 0.01%, 6, 0, 2, 2756.02
1610961635, 5, 5, 103, 34, 0, 0.01%, 6, 0, 2, 2710.70
1610961640, 5, 31, 103, 29, 0, 0.01%, 6, 0, 2, 2730.90
1610961645, 5, 75, 103, 24, 0, 0.01%, 6, 0, 2, 2771.83
1610961650, 5, 102, 103, 19, 0, 0.01%, 6, 0, 2, 2723.91
1610961655, 6, 102, 103, 8, 0, 0.01%, 6, 0, 2, 2597.13
1610961661, 8, 102, 103, 4, 0, 0.01%, 6, 0, 2, 2556.81
1610961666, 11, 17, 103, 2, 0, 0.01%, 6, 0, 2, 2550.82
1610961671, 13, 66, 103, 1, 0, 0.01%, 6, 0, 2, 2565.80
1610961676, 16, 6, 103, 1, 0, 0.01%, 6, 0, 2, 2593.20
1610961681, 18, 101, 103, 1, 0, 0.01%, 6, 0, 2, 2598.57
1610961686, 20, 65, 103, 0, 0, 0.01%, 6, 0, 2, 2593.46
1610961691, 22, 102, 103, 0, 0, 0.01%, 6, 0, 2, 2596.68
1610961696, 24, 101, 103, 0, 0, 0.01%, 6, 0, 2, 2578.71
1610961701, 26, 102, 103, 0, 0, 0.01%, 6, 0, 2, 2589.69
1610961706, 29, 102, 103, 0, 0, 0.01%, 6, 0, 2, 2563.81
1610961711, 32, 7, 103, 0, 0, 0.01%, 6, 0, 2, 2530.72
1610961717, 34, 16, 103, 0, 0, 0.01%, 6, 0, 2, 2521.56
1610961722, 35, 102, 103, 0, 0, 0.01%, 6, 0, 2, 2526.41
1610961727, 38, 78, 103, 0, 0, 0.01%, 6, 0, 2, 2527.52
1610961732, 41, 26, 103, 0, 0, 0.01%, 6, 0, 2, 2524.45
1610961737, 43, 57, 103, 0, 0, 0.01%, 6, 0, 2, 2531.11
1610961742, 45, 102, 103, 0, 0, 0.01%, 6, 0, 2, 2520.67
1610961747, 47, 102, 103, 0, 0, 0.01%, 6, 0, 2, 2516.02
1610961752, 50, 31, 103, 0, 0, 0.01%, 6, 0, 2, 2524.36
1610961758, 52, 26, 103, 0, 0, 0.01%, 6, 0, 2, 2532.56
1610961763, 53, 95, 103, 0, 0, 0.01%, 6, 0, 2, 2565.58
1610961768, 55, 101, 103, 0, 0, 0.01%, 6, 0, 2, 2574.45
1610961773, 57, 102, 103, 0, 0, 0.01%, 6, 0, 2, 2546.55
1610961778, 60, 24, 103, 0, 0, 0.01%, 6, 0, 2, 2540.66
1610961783, 62, 38, 103, 0, 0, 0.01%, 6, 0, 2, 2479.57
1610961788, 64, 64, 103, 0, 0, 0.01%, 6, 0, 2, 2530.20
1610961793, 66, 87, 103, 0, 0, 0.01%, 6, 0, 2, 2545.76
1610961798, 68, 79, 103, 0, 0, 0.01%, 6, 0, 2, 2548.68
1610961804, 70, 66, 103, 0, 0, 0.01%, 6, 0, 2, 2538.22
1610961809, 72, 101, 103, 0, 0, 0.01%, 6, 0, 2, 2527.47
1610961814, 75, 11, 103, 0, 0, 0.01%, 6, 0, 2, 2541.39
1610961819, 77, 66, 103, 0, 0, 0.01%, 6, 0, 2, 2537.46
1610961824, 80, 55, 103, 0, 0, 0.01%, 6, 0, 2, 2533.89
1610961829, 82, 68, 103, 0, 0, 0.01%, 6, 0, 2, 2517.72
1610961835, 84, 101, 103, 0, 0, 0.01%, 6, 0, 2, 2524.42
1610961840, 86, 101, 103, 0, 0, 0.01%, 6, 0, 2, 2530.58
1610961845, 88, 102, 103, 0, 0, 0.01%, 6, 0, 2, 2545.95
1610961850, 90, 102, 103, 0, 0, 0.01%, 6, 0, 2, 2535.33
1610961855, 92, 102, 103, 0, 0, 0.01%, 6, 0, 2, 2527.28
1610961860, 95, 102, 103, 0, 0, 0.01%, 6, 0, 2, 2546.14
1610961865, 97, 102, 103, 0, 0, 0.01%, 6, 0, 2, 2530.89
1610961870, 100, 102, 103, 0, 0, 0.01%, 6, 0, 2, 2540.34
1610961876, 103, 66, 103, 0, 0, 0.01%, 6, 0, 2, 2560.93
1610961881, 105, 102, 103, 0, 0, 0.01%, 6, 0, 2, 2587.28
1610961886, 107, 102, 103, 0, 0, 0.01%, 6, 0, 2, 2556.35
1610961891, 109, 102, 103, 0, 0, 0.01%, 6, 0, 2, 2526.33
1610961896, 111, 102, 103, 0, 0, 0.01%, 6, 0, 2, 2533.79
1610961901, 114, 100, 103, 0, 0, 0.01%, 6, 0, 2, 2534.51
1610961906, 116, 1, 103, 0, 0, 0.01%, 6, 0, 2, 2531.74
1610961911, 118, 1, 103, 0, 0, 0.01%, 6, 0, 2, 2574.40
1610961917, 120, 91, 103, 0, 0, 0.01%, 6, 0, 2, 2600.65
1610961922, 122, 71, 103, 0, 0, 0.01%, 6, 0, 2, 2557.29
1610961927, 124, 101, 103, 0, 0, 0.01%, 6, 0, 2, 2555.34
1610961932, 127, 24, 103, 0, 0, 0.01%, 6, 0, 2, 2558.67
1610961937, 129, 47, 103, 0, 0, 0.01%, 6, 0, 2, 2528.52
1610961942, 131, 97, 103, 0, 0, 0.01%, 6, 0, 2, 2538.16
1610961947, 133, 102, 103, 0, 0, 0.01%, 6, 0, 2, 2552.66
1610961952, 136, 22, 103, 0, 0, 0.01%, 6, 0, 2, 2546.76
1610961957, 137, 102, 103, 0, 0, 0.01%, 6, 0, 2, 2544.36
1610961962, 140, 94, 103, 0, 0, 0.01%, 6, 0, 2, 2576.28
1610961968, 142, 102, 103, 0, 0, 0.01%, 6, 0, 2, 2551.44
1610961973, 144, 102, 103, 0, 0, 0.01%, 6, 0, 2, 2547.20
1610961978, 146, 66, 103, 0, 0, 0.01%, 6, 0, 2, 2537.84
1610961983, 148, 102, 103, 0, 0, 0.01%, 6, 0, 2, 2529.25
1610961988, 150, 100, 103, 0, 0, 0.01%, 6, 0, 2, 2506.31
1610961993, 152, 66, 103, 0, 0, 0.01%, 6, 0, 2, 2537.53
1610961999, 154, 83, 103, 0, 0, 0.01%, 6, 0, 2, 2538.03
1610962004, 156, 64, 103, 0, 0, 0.01%, 6, 0, 2, 2529.82
1610962009, 158, 66, 103, 0, 0, 0.01%, 6, 0, 2, 2514.55
