# unix_time, cycles_done, cur_path, paths_total, pending_total, pending_favs, map_size, unique_crashes, unique_hangs, max_depth, execs_per_sec
1610087340, 0, 0, 100, 100, 1, 0.01%, 0, 0, 1, 3088.80
1610087345, 1, 22, 102, 93, 0, 0.01%, 3, 0, 2, 3372.26
1610087350, 1, 84, 102, 82, 0, 0.01%, 3, 0, 2, 3408.46
1610087355, 2, 23, 102, 72, 0, 0.01%, 3, 0, 2, 3406.66
1610087360, 2, 69, 102, 61, 0, 0.01%, 3, 0, 2, 3403.92
1610087365, 3, 18, 102, 50, 0, 0.01%, 4, 0, 2, 3419.90
1610087370, 3, 82, 102, 40, 0, 0.01%, 4, 0, 2, 3416.63
1610087376, 4, 25, 102, 32, 0, 0.01%, 4, 0, 2, 3397.20
1610087381, 5, 56, 102, 22, 0, 0.01%, 4, 0, 2, 3387.37
1610087386, 7, 9, 102, 13, 0, 0.01%, 4, 0, 2, 3417.31
1610087391, 8, 100, 102, 6, 0, 0.01%, 4, 0, 2, 3406.52
1610087396, 13, 97, 102, 3, 0, 0.01%, 4, 0, 2, 3399.01
1610087401, 18, 74, 102, 0, 0, 0.01%, 4, 0, 2, 3390.86
1610087406, 28, 27, 102, 0, 0, 0.01%, 4, 0, 2, 3369.23
1610087412, 36, 100, 102, 0, 0, 0.01%, 5, 0, 2, 3370.73
1610087417, 45, 28, 102, 0, 0, 0.01%, 5, 0, 2, 3383.87
1610087422, 52, 100, 102, 0, 0, 0.01%, 5, 0, 2, 3384.81
1610087427, 60, 101, 102, 0, 0, 0.01%, 5, 0, 2, 3386.35
1610087432, 69, 100, 102, 0, 0, 0.01%, 5, 0, 2, 3392.67
1610087437, 78, 101, 102, 0, 0, 0.01%, 5, 0, 2, 3408.19
1610087443, 86, 65, 102, 0, 0, 0.01%, 5, 0, 2, 3400.89
1610087448, 95, 86, 102, 0, 0, 0.01%, 5, 0, 2, 3392.55
1610087453, 103, 100, 102, 0, 0, 0.01%, 5, 0, 2, 3394.28
1610087458, 111, 34, 102, 0, 0, 0.01%, 5, 0, 2, 3395.14
1610087463, 118, 101, 102, 0, 0, 0.01%, 5, 0, 2, 3401.90
1610087469, 127, 34, 102, 0, 0, 0.01%, 5, 0, 2, 3389.76
1610087474, 135, 47, 102, 0, 0, 0.01%, 5, 0, 2, 3385.38
1610087479, 144, 36, 102, 0, 0, 0.01%, 5, 0, 2, 3371.40
1610087484, 152, 44, 102, 0, 0, 0.01%, 5, 0, 2, 3366.43
1610087489, 160, 60, 102, 0, 0, 0.01%, 5, 0, 2, 3394.41
1610087494, 168, 100, 102, 0, 0, 0.01%, 5, 0, 2, 3393.73
1610087499, 175, 74, 102, 0, 0, 0.01%, 5, 0, 2, 3392.95
1610087505, 183, 72, 102, 0, 0, 0.01%, 5, 0, 2, 3395.74
1610087510, 192, 34, 102, 0, 0, 0.01%, 5, 0, 2, 3398.94
1610087515, 199, 34, 102, 0, 0, 0.01%, 6, 0, 2, 3388.05
1610087520, 207, 70, 102, 0, 0, 0.01%, 6, 0, 2, 3379.20
1610087525, 214, 100, 102, 0, 0, 0.01%, 6, 0, 2, 3386.19
1610087530, 222, 22, 102, 0, 0, 0.01%, 6, 0, 2, 3390.07
1610087535, 230, 63, 102, 0, 0, 0.01%, 6, 0, 2, 3393.53
1610087541, 238, 100, 102, 0, 0, 0.01%, 6, 0, 2, 3384.55
1610087546, 246, 101, 102, 0, 0, 0.01%, 6, 0, 2, 3379.28
1610087551, 255, 52, 102, 0, 0, 0.01%, 6, 0, 2, 3389.25
1610087556, 263, 51, 102, 0, 0, 0.01%, 6, 0, 2, 3386.35
1610087561, 272, 33, 102, 0, 0, 0.01%, 6, 0, 2, 3385.57
1610087567, 280, 89, 102, 0, 0, 0.01%, 6, 0, 2, 3401.04
1610087572, 289, 34, 102, 0, 0, 0.01%, 6, 0, 2, 3396.22
1610087577, 296, 76, 102, 0, 0, 0.01%, 6, 0, 2, 3353.17
1610087582, 303, 101, 102, 0, 0, 0.01%, 6, 0, 2, 3386.44
1610087587, 312, 5, 102, 0, 0, 0.01%, 6, 0, 2, 3391.71
1610087592, 320, 101, 102, 0, 0, 0.01%, 6, 0, 2, 3389.92
1610087597, 329, 76, 102, 0, 0, 0.01%, 6, 0, 2, 3391.92
1610087602, 336, 45, 102, 0, 0, 0.01%, 6, 0, 2, 3396.22
1610087608, 344, 14, 102, 0, 0, 0.01%, 6, 0, 2, 3392.76
1610087613, 351, 100, 102, 0, 0, 0.01%, 6, 0, 2, 3383.59
1610087618, 359, 101, 102, 0, 0, 0.01%, 6, 0, 2, 3392.43
1610087623, 368, 34, 102, 0, 0, 0.01%, 6, 0, 2, 3387.28
1610087628, 376, 97, 102, 0, 0, 0.01%, 6, 0, 2, 3393.63
1610087633, 385, 74, 102, 0, 0, 0.01%, 6, 0, 2, 3390.62
1610087639, 393, 58, 102, 0, 0, 0.01%, 6, 0, 2, 3386.48
1610087644, 400, 101, 102, 0, 0, 0.01%, 6, 0, 2, 3383.90
1610087649, 408, 100, 102, 0, 0, 0.01%, 6, 0, 2, 3381.27
1610087654, 416, 68, 102, 0, 0, 0.01%, 6, 0, 2, 3385.07
1610087659, 423, 66, 102, 0, 0, 0.01%, 6, 0, 2, 3393.77
1610087664, 430, 43, 102, 0, 0, 0.01%, 6, 0, 2, 3380.68
1610087669, 439, 34, 102, 0, 0, 0.01%, 6, 0, 2, 3376.49
1610087674, 447, 21, 102, 0, 0, 0.01%, 6, 0, 2, 3392.05
1610087679, 455, 24, 102, 0, 0, 0.01%, 6, 0, 2, 3390.85
1610087685, 462, 18, 102, 0, 0, 0.01%, 6, 0, 2, 3395.75
1610087690, 469, 34, 102, 0, 0, 0.01%, 6, 0, 2, 3397.64
1610087695, 476, 55, 102, 0, 0, 0.01%, 6, 0, 2, 3393.56
1610087700, 484, 98, 102, 0, 0, 0.01%, 6, 0, 2, 3394.63
1610087705, 492, 41, 102, 0, 0, 0.01%, 6, 0, 2, 3408.66
1610087710, 500, 91, 102, 0, 0, 0.01%, 6, 0, 2, 3395.49
1610087716, 508, 57, 102, 0, 0, 0.01%, 6, 0, 2, 3387.55
1610087721, 515, 94, 102, 0, 0, 0.01%, 6, 0, 2, 3367.68
1610087726, 523, 80, 102, 0, 0, 0.01%, 6, 0, 2, 3390.87
1610087731, 531, 52, 102, 0, 0, 0.01%, 6, 0, 2, 3397.88
1610087736, 541, 100, 102, 0, 0, 0.01%, 6, 0, 2, 3399.40
1610087742, 548, 91, 102, 0, 0, 0.01%, 6, 0, 2, 3404.42
1610087747, 557, 21, 102, 0, 0, 0.01%, 6, 0, 2, 3404.10
1610087752, 565, 100, 102, 0, 0, 0.01%, 6, 0, 2, 3399.93
1610087757, 573, 101, 102, 0, 0, 0.01%, 6, 0, 2, 3405.15
1610087762, 582, 36, 102, 0, 0, 0.01%, 6, 0, 2, 3389.65
1610087767, 590, 1, 102, 0, 0, 0.01%, 6, 0, 2, 3393.32
1610087772, 597, 101, 102, 0, 0, 0.01%, 6, 0, 2, 3400.12
1610087778, 606, 34, 102, 0, 0, 0.01%, 6, 0, 2, 3384.27
1610087783, 614, 39, 102, 0, 0, 0.01%, 6, 0, 2, 3394.65
1610087788, 621, 101, 102, 0, 0, 0.01%, 6, 0, 2, 3387.31
1610087793, 629, 50, 102, 0, 0, 0.01%, 6, 0, 2, 3386.09
1610087798, 637, 101, 102, 0, 0, 0.01%, 6, 0, 2, 3384.62
1610087804, 645, 38, 102, 0, 0, 0.01%, 6, 0, 2, 3394.07
1610087809, 653, 11, 102, 0, 0, 0.01%, 6, 0, 2, 3388.04
1610087814, 661, 100, 102, 0, 0, 0.01%, 6, 0, 2, 3369.16
1610087819, 670, 34, 102, 0, 0, 0.01%, 6, 0, 2, 3383.13
1610087824, 677, 101, 102, 0, 0, 0.01%, 6, 0, 2, 3393.22
1610087829, 685, 100, 102, 0, 0, 0.01%, 6, 0, 2, 3368.90
1610087835, 694, 34, 102, 0, 0, 0.01%, 6, 0, 2, 3372.62
1610087840, 703, 100, 102, 0, 0, 0.01%, 6, 0, 2, 3394.55
1610087845, 712, 63, 102, 0, 0, 0.01%, 6, 0, 2, 3386.40
1610087850, 721, 5, 102, 0, 0, 0.01%, 6, 0, 2, 3391.64
1610087855, 728, 92, 102, 0, 0, 0.01%, 6, 0, 2, 3398.80
1610087860, 736, 34, 102, 0, 0, 0.01%, 6, 0, 2, 3392.43
1610087866, 743, 100, 102, 0, 0, 0.01%, 6, 0, 2, 3392.01
1610087871, 752, 26, 102, 0, 0, 0.01%, 6, 0, 2, 3386.99
1610087876, 761, 2, 102, 0, 0, 0.01%, 6, 0, 2, 3408.21
1610087881, 769, 34, 102, 0, 0, 0.01%, 6, 0, 2, 3396.70
1610087886, 777, 95, 102, 0, 0, 0.01%, 6, 0, 2, 3395.91
1610087891, 784, 98, 102, 0, 0, 0.01%, 6, 0, 2, 3397.28
1610087897, 793, 16, 102, 0, 0, 0.01%, 6, 0, 2, 3395.20
1610087902, 801, 100, 102, 0, 0, 0.01%, 6, 0, 2, 3415.57
1610087907, 809, 101, 102, 0, 0, 0.01%, 6, 0, 2, 3398.22
1610087912, 818, 34, 102, 0, 0, 0.01%, 6, 0, 2, 3388.85
1610087917, 825, 101, 102, 0, 0, 0.01%, 6, 0, 2, 3399.65
1610087922, 833, 77, 102, 0, 0, 0.01%, 6, 0, 2, 3393.45
1610087928, 841, 83, 102, 0, 0, 0.01%, 6, 0, 2, 3389.84
1610087933, 850, 100, 102, 0, 0, 0.01%, 6, 0, 2, 3392.40
1610087938, 859, 45, 102, 0, 0, 0.01%, 6, 0, 2, 3404.49
1610087943, 868, 10, 102, 0, 0, 0.01%, 6, 0, 2, 3386.06
1610087948, 876, 97, 102, 0, 0, 0.01%, 6, 0, 2, 3364.70
1610087953, 883, 85, 102, 0, 0, 0.01%, 6, 0, 2, 3296.07
1610087958, 890, 6, 102, 0, 0, 0.01%, 6, 0, 2, 3341.75
1610087963, 897, 34, 102, 0, 0, 0.01%, 6, 0, 2, 3345.11
1610087968, 905, 88, 102, 0, 0, 0.01%, 6, 0, 2, 3347.37
1610087973, 913, 34, 102, 0, 0, 0.01%, 6, 0, 2, 3346.62
1610087978, 922, 47, 102, 0, 0, 0.01%, 6, 0, 2, 3396.37
1610087983, 929, 101, 102, 0, 0, 0.01%, 6, 0, 2, 3365.82
1610087989, 937, 34, 102, 0, 0, 0.01%, 6, 0, 2, 3362.57
1610087994, 945, 100, 102, 0, 0, 0.01%, 6, 0, 2, 3347.54
1610087999, 954, 57, 102, 0, 0, 0.01%, 6, 0, 2, 3357.78
1610088004, 963, 10, 102, 0, 0, 0.01%, 6, 0, 2, 3351.90
1610088009, 970, 23, 102, 0, 0, 0.01%, 6, 0, 2, 3343.24
1610088014, 979, 100, 102, 0, 0, 0.01%, 6, 0, 2, 3354.48
1610088019, 987, 101, 102, 0, 0, 0.01%, 6, 0, 2, 3354.14
1610088024, 997, 76, 102, 0, 0, 0.01%, 6, 0, 2, 3337.23
1610088029, 1004, 97, 102, 0, 0, 0.01%, 6, 0, 2, 3331.27
1610088034, 1013, 101, 102, 0, 0, 0.01%, 6, 0, 2, 3441.36
1610088039, 1022, 52, 102, 0, 0, 0.01%, 6, 0, 2, 3379.76
1610088044, 1028, 100, 102, 0, 0, 0.01%, 6, 0, 2, 3335.77
1610088049, 1035, 101, 102, 0, 0, 0.01%, 6, 0, 2, 3448.07
1610088054, 1043, 53, 102, 0, 0, 0.01%, 6, 0, 2, 3379.28
1610088059, 1052, 34, 102, 0, 0, 0.01%, 6, 0, 2, 3356.63
1610088064, 1059, 57, 102, 0, 0, 0.01%, 6, 0, 2, 3458.08
1610088069, 1067, 34, 102, 0, 0, 0.01%, 6, 0, 2, 3492.57
1610088074, 1075, 64, 102, 0, 0, 0.01%, 6, 0, 2, 3390.01
1610088079, 1082, 61, 102, 0, 0, 0.01%, 6, 0, 2, 3393.34
1610088084, 1090, 100, 102, 0, 0, 0.01%, 6, 0, 2, 3312.00
1610088090, 1097, 100, 102, 0, 0, 0.01%, 6, 0, 2, 3336.27
1610088095, 1104, 101, 102, 0, 0, 0.01%, 6, 0, 2, 3339.16
1610088100, 1112, 100, 102, 0, 0, 0.01%, 6, 0, 2, 3333.05
1610088105, 1120, 89, 102, 0, 0, 0.01%, 6, 0, 2, 3346.86
1610088110, 1128, 68, 102, 0, 0, 0.01%, 6, 0, 2, 3350.77
1610088115, 1135, 94, 102, 0, 0, 0.01%, 6, 0, 2, 3342.36
1610088120, 1143, 101, 102, 0, 0, 0.01%, 6, 0, 2, 3341.92
1610088125, 1152, 12, 102, 0, 0, 0.01%, 6, 0, 2, 3349.70
1610088130, 1160, 15, 102, 0, 0, 0.01%, 6, 0, 2, 3342.76
1610088135, 1168, 20, 102, 0, 0, 0.01%, 6, 0, 2, 3342.57
1610088140, 1176, 82, 102, 0, 0, 0.01%, 6, 0, 2, 3350.79
1610088145, 1184, 34, 102, 0, 0, 0.01%, 6, 0, 2, 3315.39
1610088150, 1193, 55, 102, 0, 0, 0.01%, 6, 0, 2, 3341.76
1610088155, 1202, 10, 102, 0, 0, 0.01%, 6, 0, 2, 3346.63
1610088160, 1209, 26, 102, 0, 0, 0.01%, 6, 0, 2, 3346.34
1610088165, 1217, 87, 102, 0, 0, 0.01%, 6, 0, 2, 3353.06
1610088170, 1226, 34, 102, 0, 0, 0.01%, 6, 0, 2, 3310.22
1610088175, 1233, 101, 102, 0, 0, 0.01%, 6, 0, 2, 3236.64
1610088180, 1242, 16, 102, 0, 0, 0.01%, 6, 0, 2, 3229.98
1610088185, 1249, 62, 102, 0, 0, 0.01%, 6, 0, 2, 3244.36
1610088191, 1256, 101, 102, 0, 0, 0.01%, 6, 0, 2, 3248.79
1610088196, 1264, 15, 102, 0, 0, 0.01%, 6, 0, 2, 3306.64
1610088201, 1271, 16, 102, 0, 0, 0.01%, 6, 0, 2, 3335.78
1610088206, 1279, 101, 102, 0, 0, 0.01%, 6, 0, 2, 3363.60
1610088211, 1287, 72, 102, 0, 0, 0.01%, 6, 0, 2, 3350.94
1610088216, 1295, 11, 102, 0, 0, 0.01%, 6, 0, 2, 3351.94
1610088221, 1303, 100, 102, 0, 0, 0.01%, 6, 0, 2, 3338.92
1610088226, 1310, 34, 102, 0, 0, 0.01%, 6, 0, 2, 3327.69
1610088231, 1318, 100, 102, 0, 0, 0.01%, 6, 0, 2, 3342.44
1610088236, 1327, 40, 102, 0, 0, 0.01%, 6, 0, 2, 3342.05
1610088241, 1333, 100, 102, 0, 0, 0.01%, 6, 0, 2, 3350.64
1610088246, 1340, 101, 102, 0, 0, 0.01%, 6, 0, 2, 3372.08
1610088251, 1349, 34, 102, 0, 0, 0.01%, 6, 0, 2, 3339.60
1610088256, 1357, 13, 102, 0, 0, 0.01%, 6, 0, 2, 3315.52
1610088261, 1364, 34, 102, 0, 0, 0.01%, 6, 0, 2, 3338.96
1610088266, 1372, 101, 102, 0, 0, 0.01%, 6, 0, 2, 3342.26
1610088271, 1381, 81, 102, 0, 0, 0.01%, 6, 0, 2, 3349.02
1610088276, 1389, 100, 102, 0, 0, 0.01%, 6, 0, 2, 3364.49
1610088281, 1398, 19, 102, 0, 0, 0.01%, 6, 0, 2, 3353.29
1610088286, 1406, 59, 102, 0, 0, 0.01%, 6, 0, 2, 3356.86
1610088291, 1414, 100, 102, 0, 0, 0.01%, 6, 0, 2, 3343.69
1610088296, 1422, 4, 102, 0, 0, 0.01%, 6, 0, 2, 3334.10
1610088301, 1428, 100, 102, 0, 0, 0.01%, 6, 0, 2, 3329.72
1610088307, 1436, 84, 102, 0, 0, 0.01%, 6, 0, 2, 3352.21
1610088312, 1443, 93, 102, 0, 0, 0.01%, 6, 0, 2, 3345.22
1610088317, 1451, 100, 102, 0, 0, 0.01%, 6, 0, 2, 3335.43
1610088322, 1460, 1, 102, 0, 0, 0.01%, 6, 0, 2, 3344.20
1610088327, 1468, 7, 102, 0, 0, 0.01%, 6, 0, 2, 3343.67
1610088332, 1475, 57, 102, 0, 0, 0.01%, 6, 0, 2, 3347.84
1610088337, 1483, 25, 102, 0, 0, 0.01%, 6, 0, 2, 3339.82
1610088342, 1490, 100, 102, 0, 0, 0.01%, 6, 0, 2, 3341.39
1610088347, 1498, 34, 102, 0, 0, 0.01%, 6, 0, 2, 3350.84
1610088352, 1506, 14, 102, 0, 0, 0.01%, 6, 0, 2, 3348.31
1610088357, 1513, 20, 102, 0, 0, 0.01%, 6, 0, 2, 3352.14
1610088362, 1520, 81, 102, 0, 0, 0.01%, 6, 0, 2, 3354.75
1610088367, 1528, 99, 102, 0, 0, 0.01%, 6, 0, 2, 3347.68
1610088372, 1537, 34, 102, 0, 0, 0.01%, 6, 0, 2, 3350.76
1610088377, 1544, 100, 102, 0, 0, 0.01%, 6, 0, 2, 3350.65
1610088382, 1552, 100, 102, 0, 0, 0.01%, 6, 0, 2, 3345.69
1610088387, 1560, 63, 102, 0, 0, 0.01%, 6, 0, 2, 3335.25
1610088392, 1567, 101, 102, 0, 0, 0.01%, 6, 0, 2, 3348.38
1610088397, 1574, 53, 102, 0, 0, 0.01%, 6, 0, 2, 3346.48
1610088402, 1581, 56, 102, 0, 0, 0.01%, 6, 0, 2, 3352.93
1610088408, 1590, 25, 102, 0, 0, 0.01%, 6, 0, 2, 3340.84
1610088413, 1598, 55, 102, 0, 0, 0.01%, 6, 0, 2, 3327.98
1610088418, 1605, 57, 102, 0, 0, 0.01%, 6, 0, 2, 3365.50
1610088423, 1612, 100, 102, 0, 0, 0.01%, 6, 0, 2, 3352.88
1610088428, 1620, 82, 102, 0, 0, 0.01%, 6, 0, 2, 3356.94
1610088433, 1628, 100, 102, 0, 0, 0.01%, 6, 0, 2, 3346.55
1610088438, 1637, 5, 102, 0, 0, 0.01%, 6, 0, 2, 3350.39
1610088443, 1645, 100, 102, 0, 0, 0.01%, 6, 0, 2, 3343.35
1610088448, 1654, 94, 102, 0, 0, 0.01%, 6, 0, 2, 3325.67
1610088453, 1661, 100, 102, 0, 0, 0.01%, 6, 0, 2, 3325.64
1610088458, 1669, 49, 102, 0, 0, 0.01%, 6, 0, 2, 3340.42
1610088463, 1676, 79, 102, 0, 0, 0.01%, 6, 0, 2, 3336.96
1610088468, 1683, 73, 102, 0, 0, 0.01%, 6, 0, 2, 3351.28
1610088473, 1691, 100, 102, 0, 0, 0.01%, 6, 0, 2, 3326.57
1610088478, 1699, 57, 102, 0, 0, 0.01%, 6, 0, 2, 3352.03
1610088483, 1706, 57, 102, 0, 0, 0.01%, 6, 0, 2, 3332.50
1610088488, 1714, 55, 102, 0, 0, 0.01%, 6, 0, 2, 3343.48
1610088493, 1721, 92, 102, 0, 0, 0.01%, 6, 0, 2, 3341.83
1610088498, 1729, 50, 102, 0, 0, 0.01%, 6, 0, 2, 3333.50
1610088503, 1738, 34, 102, 0, 0, 0.01%, 6, 0, 2, 3335.53
1610088508, 1746, 101, 102, 0, 0, 0.01%, 6, 0, 2, 3347.62
1610088513, 1753, 101, 102, 0, 0, 0.01%, 6, 0, 2, 3341.29
1610088518, 1761, 84, 102, 0, 0, 0.01%, 6, 0, 2, 3354.33
1610088523, 1768, 12, 102, 0, 0, 0.01%, 6, 0, 2, 3345.25
1610088529, 1775, 100, 102, 0, 0, 0.01%, 6, 0, 2, 3362.59
1610088534, 1782, 101, 102, 0, 0, 0.01%, 6, 0, 2, 3352.05
1610088539, 1790, 100, 102, 0, 0, 0.01%, 6, 0, 2, 3344.19
1610088544, 1799, 66, 102, 0, 0, 0.01%, 6, 0, 2, 3346.54
1610088549, 1806, 100, 102, 0, 0, 0.01%, 6, 0, 2, 3343.66
1610088554, 1814, 69, 102, 0, 0, 0.01%, 6, 0, 2, 3338.02
1610088559, 1822, 41, 102, 0, 0, 0.01%, 6, 0, 2, 3391.56
1610088564, 1830, 84, 102, 0, 0, 0.01%, 6, 0, 2, 3348.85
1610088569, 1837, 101, 102, 0, 0, 0.01%, 6, 0, 2, 3343.10
1610088574, 1846, 31, 102, 0, 0, 0.01%, 6, 0, 2, 3355.49
1610088579, 1855, 101, 102, 0, 0, 0.01%, 6, 0, 2, 3335.14
1610088584, 1863, 25, 102, 0, 0, 0.01%, 6, 0, 2, 3334.03
1610088589, 1871, 100, 102, 0, 0, 0.01%, 6, 0, 2, 3336.71
1610088594, 1880, 4, 102, 0, 0, 0.01%, 6, 0, 2, 3336.18
1610088599, 1887, 34, 102, 0, 0, 0.01%, 6, 0, 2, 3330.34
1610088604, 1895, 4, 102, 0, 0, 0.01%, 6, 0, 2, 3336.98
1610088609, 1903, 2, 102, 0, 0, 0.01%, 6, 0, 2, 3336.23
1610088614, 1910, 101, 102, 0, 0, 0.01%, 6, 0, 2, 3350.73
1610088619, 1919, 100, 102, 0, 0, 0.01%, 6, 0, 2, 3328.60
1610088624, 1927, 101, 102, 0, 0, 0.01%, 6, 0, 2, 3341.54
1610088629, 1935, 100, 102, 0, 0, 0.01%, 6, 0, 2, 3378.14
1610088634, 1944, 12, 102, 0, 0, 0.01%, 6, 0, 2, 3358.61
1610088639, 1950, 80, 102, 0, 0, 0.01%, 6, 0, 2, 3341.05
1610088644, 1959, 31, 102, 0, 0, 0.01%, 6, 0, 2, 3344.28
1610088649, 1967, 34, 102, 0, 0, 0.01%, 6, 0, 2, 3346.04
1610088654, 1973, 101, 102, 0, 0, 0.01%, 6, 0, 2, 3340.56
1610088660, 1981, 100, 102, 0, 0, 0.01%, 6, 0, 2, 3347.84
1610088665, 1989, 32, 102, 0, 0, 0.01%, 6, 0, 2, 3350.00
1610088670, 1995, 101, 102, 0, 0, 0.01%, 6, 0, 2, 3347.92
1610088675, 2004, 57, 102, 0, 0, 0.01%, 6, 0, 2, 3351.98
1610088680, 2012, 87, 102, 0, 0, 0.01%, 6, 0, 2, 3434.21
1610088685, 2019, 34, 102, 0, 0, 0.01%, 6, 0, 2, 3365.75
1610088690, 2026, 79, 102, 0, 0, 0.01%, 6, 0, 2, 3341.50
1610088695, 2033, 73, 102, 0, 0, 0.01%, 6, 0, 2, 3334.30
1610088700, 2041, 100, 102, 0, 0, 0.01%, 6, 0, 2, 3331.87
1610088705, 2049, 100, 102, 0, 0, 0.01%, 6, 0, 2, 3327.72
1610088710, 2059, 100, 102, 0, 0, 0.01%, 6, 0, 2, 3318.64
1610088715, 2066, 100, 102, 0, 0, 0.01%, 6, 0, 2, 3311.23
1610088720, 2074, 101, 102, 0, 0, 0.01%, 6, 0, 2, 3334.25
1610088725, 2081, 58, 102, 0, 0, 0.01%, 6, 0, 2, 3338.65
1610088730, 2089, 58, 102, 0, 0, 0.01%, 6, 0, 2, 3345.40
1610088735, 2095, 101, 102, 0, 0, 0.01%, 6, 0, 2, 3344.16
1610088740, 2104, 33, 102, 0, 0, 0.01%, 6, 0, 2, 3352.48
1610088745, 2112, 34, 102, 0, 0, 0.01%, 6, 0, 2, 3347.77
1610088750, 2119, 100, 102, 0, 0, 0.01%, 6, 0, 2, 3345.05
1610088755, 2128, 13, 102, 0, 0, 0.01%, 6, 0, 2, 3351.81
1610088760, 2136, 2, 102, 0, 0, 0.01%, 6, 0, 2, 3354.17
1610088765, 2143, 42, 102, 0, 0, 0.01%, 6, 0, 2, 3367.94
1610088771, 2150, 5, 102, 0, 0, 0.01%, 6, 0, 2, 3361.96
1610088776, 2157, 101, 102, 0, 0, 0.01%, 6, 0, 2, 3349.84
1610088781, 2164, 101, 102, 0, 0, 0.01%, 6, 0, 2, 3279.95
1610088786, 2173, 34, 102, 0, 0, 0.01%, 6, 0, 2, 3324.79
1610088791, 2181, 34, 102, 0, 0, 0.01%, 6, 0, 2, 3345.55
1610088796, 2189, 34, 102, 0, 0, 0.01%, 6, 0, 2, 3344.99
1610088801, 2198, 34, 102, 0, 0, 0.01%, 6, 0, 2, 3350.26
1610088806, 2206, 34, 102, 0, 0, 0.01%, 6, 0, 2, 3347.55
1610088811, 2214, 34, 102, 0, 0, 0.01%, 6, 0, 2, 3340.99
1610088816, 2222, 62, 102, 0, 0, 0.01%, 6, 0, 2, 3347.06
1610088821, 2230, 15, 102, 0, 0, 0.01%, 6, 0, 2, 3346.64
1610088826, 2238, 96, 102, 0, 0, 0.01%, 6, 0, 2, 3343.97
1610088831, 2246, 34, 102, 0, 0, 0.01%, 6, 0, 2, 3351.33
1610088836, 2253, 51, 102, 0, 0, 0.01%, 6, 0, 2, 3351.85
1610088841, 2261, 88, 102, 0, 0, 0.01%, 6, 0, 2, 3357.53
1610088846, 2268, 99, 102, 0, 0, 0.01%, 6, 0, 2, 3348.58
1610088851, 2275, 88, 102, 0, 0, 0.01%, 6, 0, 2, 3344.03
1610088856, 2282, 101, 102, 0, 0, 0.01%, 6, 0, 2, 3341.23
1610088861, 2290, 61, 102, 0, 0, 0.01%, 6, 0, 2, 3350.12
1610088866, 2296, 100, 102, 0, 0, 0.01%, 6, 0, 2, 3361.99
1610088871, 2303, 101, 102, 0, 0, 0.01%, 6, 0, 2, 3366.69
1610088877, 2311, 34, 102, 0, 0, 0.01%, 6, 0, 2, 3353.49
1610088882, 2319, 69, 102, 0, 0, 0.01%, 6, 0, 2, 3341.17
1610088887, 2327, 71, 102, 0, 0, 0.01%, 6, 0, 2, 3350.31
1610088892, 2335, 0, 102, 0, 0, 0.01%, 6, 0, 2, 3335.55
1610088897, 2343, 47, 102, 0, 0, 0.01%, 6, 0, 2, 3315.48
1610088902, 2350, 100, 102, 0, 0, 0.01%, 6, 0, 2, 3328.17
1610088907, 2356, 101, 102, 0, 0, 0.01%, 6, 0, 2, 3331.43
1610088912, 2364, 101, 102, 0, 0, 0.01%, 6, 0, 2, 3326.09
1610088917, 2371, 100, 102, 0, 0, 0.01%, 6, 0, 2, 3324.50
1610088922, 2378, 15, 102, 0, 0, 0.01%, 6, 0, 2, 3336.07
1610088927, 2385, 42, 102, 0, 0, 0.01%, 6, 0, 2, 3337.85
1610088932, 2391, 100, 102, 0, 0, 0.01%, 6, 0, 2, 3331.32
1610088937, 2398, 88, 102, 0, 0, 0.01%, 6, 0, 2, 3328.57
1610088942, 2406, 34, 102, 0, 0, 0.01%, 6, 0, 2, 3338.01
1610088947, 2414, 34, 102, 0, 0, 0.01%, 6, 0, 2, 3347.98
1610088952, 2422, 46, 102, 0, 0, 0.01%, 6, 0, 2, 3347.75
1610088957, 2429, 10, 102, 0, 0, 0.01%, 6, 0, 2, 3342.08
1610088962, 2437, 34, 102, 0, 0, 0.01%, 6, 0, 2, 3348.71
1610088968, 2444, 47, 102, 0, 0, 0.01%, 6, 0, 2, 3345.02
1610088973, 2451, 65, 102, 0, 0, 0.01%, 6, 0, 2, 3335.32
1610088978, 2458, 101, 102, 0, 0, 0.01%, 6, 0, 2, 3328.61
1610088983, 2467, 24, 102, 0, 0, 0.01%, 6, 0, 2, 3321.56
1610088988, 2475, 19, 102, 0, 0, 0.01%, 6, 0, 2, 3327.92
1610088993, 2482, 101, 102, 0, 0, 0.01%, 6, 0, 2, 3334.76
1610088998, 2489, 45, 102, 0, 0, 0.01%, 6, 0, 2, 3350.20
1610089003, 2497, 101, 102, 0, 0, 0.01%, 6, 0, 2, 3345.88
1610089008, 2506, 47, 102, 0, 0, 0.01%, 6, 0, 2, 3348.67
1610089013, 2513, 38, 102, 0, 0, 0.01%, 6, 0, 2, 3335.62
1610089018, 2520, 100, 102, 0, 0, 0.01%, 6, 0, 2, 3336.72
1610089023, 2527, 100, 102, 0, 0, 0.01%, 6, 0, 2, 3338.80
1610089028, 2535, 101, 102, 0, 0, 0.01%, 6, 0, 2, 3340.50
1610089033, 2543, 68, 102, 0, 0, 0.01%, 6, 0, 2, 3331.40
1610089038, 2551, 101, 102, 0, 0, 0.01%, 6, 0, 2, 3339.25
1610089043, 2560, 24, 102, 0, 0, 0.01%, 6, 0, 2, 3346.92
1610089048, 2568, 96, 102, 0, 0, 0.01%, 6, 0, 2, 3343.46
1610089053, 2577, 34, 102, 0, 0, 0.01%, 6, 0, 2, 3349.41
1610089058, 2585, 69, 102, 0, 0, 0.01%, 6, 0, 2, 3342.26
1610089063, 2593, 90, 102, 0, 0, 0.01%, 6, 0, 2, 3357.75
1610089069, 2600, 77, 102, 0, 0, 0.01%, 6, 0, 2, 3356.42
1610089074, 2607, 34, 102, 0, 0, 0.01%, 6, 0, 2, 3351.18
1610089079, 2614, 72, 102, 0, 0, 0.01%, 6, 0, 2, 3334.64
1610089084, 2621, 69, 102, 0, 0, 0.01%, 6, 0, 2, 3337.79
1610089089, 2630, 5, 102, 0, 0, 0.01%, 6, 0, 2, 3338.35
1610089094, 2637, 15, 102, 0, 0, 0.01%, 6, 0, 2, 3339.96
1610089099, 2645, 101, 102, 0, 0, 0.01%, 6, 0, 2, 3351.80
1610089104, 2653, 24, 102, 0, 0, 0.01%, 6, 0, 2, 3325.74
1610089109, 2662, 58, 102, 0, 0, 0.01%, 6, 0, 2, 3350.58
1610089114, 2668, 101, 102, 0, 0, 0.01%, 6, 0, 2, 3349.56
1610089119, 2675, 86, 102, 0, 0, 0.01%, 6, 0, 2, 3340.66
1610089124, 2683, 37, 102, 0, 0, 0.01%, 6, 0, 2, 3340.10
1610089129, 2690, 60, 102, 0, 0, 0.01%, 6, 0, 2, 3348.72
1610089134, 2697, 83, 102, 0, 0, 0.01%, 6, 0, 2, 3354.99
1610089139, 2704, 82, 102, 0, 0, 0.01%, 6, 0, 2, 3341.79
1610089144, 2711, 100, 102, 0, 0, 0.01%, 6, 0, 2, 3344.84
1610089149, 2719, 34, 102, 0, 0, 0.01%, 6, 0, 2, 3342.19
1610089154, 2726, 100, 102, 0, 0, 0.01%, 6, 0, 2, 3349.36
1610089159, 2733, 99, 102, 0, 0, 0.01%, 6, 0, 2, 3340.09
1610089164, 2741, 97, 102, 0, 0, 0.01%, 6, 0, 2, 3347.25
1610089169, 2748, 100, 102, 0, 0, 0.01%, 6, 0, 2, 3341.90
1610089174, 2756, 87, 102, 0, 0, 0.01%, 6, 0, 2, 3347.88
1610089179, 2764, 29, 102, 0, 0, 0.01%, 6, 0, 2, 3338.53
1610089184, 2773, 51, 102, 0, 0, 0.01%, 6, 0, 2, 3353.06
1610089189, 2781, 26, 102, 0, 0, 0.01%, 6, 0, 2, 3347.48
1610089194, 2787, 62, 102, 0, 0, 0.01%, 6, 0, 2, 3349.84
1610089199, 2795, 85, 102, 0, 0, 0.01%, 6, 0, 2, 3351.26
1610089205, 2804, 12, 102, 0, 0, 0.01%, 6, 0, 2, 3354.01
1610089210, 2813, 33, 102, 0, 0, 0.01%, 6, 0, 2, 3348.25
1610089215, 2820, 83, 102, 0, 0, 0.01%, 6, 0, 2, 3349.87
1610089220, 2828, 101, 102, 0, 0, 0.01%, 6, 0, 2, 3354.88
1610089225, 2837, 19, 102, 0, 0, 0.01%, 6, 0, 2, 3351.27
1610089230, 2844, 100, 102, 0, 0, 0.01%, 6, 0, 2, 3342.23
1610089235, 2851, 100, 102, 0, 0, 0.01%, 6, 0, 2, 3347.74
1610089240, 2860, 38, 102, 0, 0, 0.01%, 6, 0, 2, 3338.42
1610089245, 2866, 68, 102, 0, 0, 0.01%, 6, 0, 2, 3351.68
1610089250, 2872, 74, 102, 0, 0, 0.01%, 6, 0, 2, 3343.25
1610089255, 2879, 101, 102, 0, 0, 0.01%, 6, 0, 2, 3353.63
1610089260, 2888, 31, 102, 0, 0, 0.01%, 6, 0, 2, 3342.60
1610089265, 2896, 100, 102, 0, 0, 0.01%, 6, 0, 2, 3347.67
1610089270, 2904, 3, 102, 0, 0, 0.01%, 6, 0, 2, 3345.43
1610089275, 2911, 101, 102, 0, 0, 0.01%, 6, 0, 2, 3344.68
1610089280, 2919, 78, 102, 0, 0, 0.01%, 6, 0, 2, 3330.30
1610089285, 2926, 101, 102, 0, 0, 0.01%, 6, 0, 2, 3341.38
1610089290, 2934, 100, 102, 0, 0, 0.01%, 6, 0, 2, 3344.36
1610089295, 2943, 100, 102, 0, 0, 0.01%, 6, 0, 2, 3342.85
1610089300, 2951, 88, 102, 0, 0, 0.01%, 6, 0, 2, 3349.63
1610089305, 2958, 12, 102, 0, 0, 0.01%, 6, 0, 2, 3345.17
1610089310, 2966, 101, 102, 0, 0, 0.01%, 6, 0, 2, 3352.59
1610089315, 2975, 39, 102, 0, 0, 0.01%, 6, 0, 2, 3355.17
1610089320, 2984, 34, 102, 0, 0, 0.01%, 6, 0, 2, 3343.91
1610089325, 2991, 1, 102, 0, 0, 0.01%, 6, 0, 2, 3353.57
1610089330, 2998, 88, 102, 0, 0, 0.01%, 6, 0, 2, 3361.86
1610089335, 3004, 100, 102, 0, 0, 0.01%, 6, 0, 2, 3360.88
1610089340, 3012, 100, 102, 0, 0, 0.01%, 6, 0, 2, 3353.51
1610089345, 3019, 101, 102, 0, 0, 0.01%, 6, 0, 2, 3349.84
1610089351, 3027, 100, 102, 0, 0, 0.01%, 6, 0, 2, 3351.74
1610089356, 3035, 81, 102, 0, 0, 0.01%, 6, 0, 2, 3358.84
1610089361, 3042, 101, 102, 0, 0, 0.01%, 6, 0, 2, 3345.00
1610089366, 3052, 34, 102, 0, 0, 0.01%, 6, 0, 2, 3350.13
1610089371, 3060, 60, 102, 0, 0, 0.01%, 6, 0, 2, 3351.90
1610089376, 3068, 30, 102, 0, 0, 0.01%, 6, 0, 2, 3322.81
1610089381, 3074, 100, 102, 0, 0, 0.01%, 6, 0, 2, 3307.17
1610089386, 3081, 84, 102, 0, 0, 0.01%, 6, 0, 2, 3337.82
1610089391, 3089, 101, 102, 0, 0, 0.01%, 6, 0, 2, 3341.53
1610089396, 3097, 85, 102, 0, 0, 0.01%, 6, 0, 2, 3334.85
1610089401, 3105, 46, 102, 0, 0, 0.01%, 6, 0, 2, 3335.81
1610089406, 3113, 36, 102, 0, 0, 0.01%, 6, 0, 2, 3345.24
1610089411, 3120, 14, 102, 0, 0, 0.01%, 6, 0, 2, 3352.68
1610089416, 3128, 67, 102, 0, 0, 0.01%, 6, 0, 2, 3344.97
1610089421, 3136, 100, 102, 0, 0, 0.01%, 6, 0, 2, 3352.45
1610089426, 3144, 75, 102, 0, 0, 0.01%, 6, 0, 2, 3328.31
1610089431, 3152, 101, 102, 0, 0, 0.01%, 6, 0, 2, 3345.50
1610089436, 3160, 61, 102, 0, 0, 0.01%, 6, 0, 2, 3327.10
1610089441, 3167, 73, 102, 0, 0, 0.01%, 6, 0, 2, 3326.21
1610089446, 3174, 52, 102, 0, 0, 0.01%, 6, 0, 2, 3332.20
1610089451, 3182, 49, 102, 0, 0, 0.01%, 6, 0, 2, 3343.19
1610089456, 3190, 34, 102, 0, 0, 0.01%, 6, 0, 2, 3340.97
1610089462, 3197, 100, 102, 0, 0, 0.01%, 6, 0, 2, 3342.38
1610089467, 3204, 36, 102, 0, 0, 0.01%, 6, 0, 2, 3323.85
1610089472, 3212, 50, 102, 0, 0, 0.01%, 6, 0, 2, 3319.14
1610089477, 3220, 39, 102, 0, 0, 0.01%, 6, 0, 2, 3317.19
1610089482, 3228, 31, 102, 0, 0, 0.01%, 6, 0, 2, 3420.96
1610089487, 3235, 53, 102, 0, 0, 0.01%, 6, 0, 2, 3424.96
1610089492, 3243, 18, 102, 0, 0, 0.01%, 6, 0, 2, 3360.35
1610089497, 3251, 18, 102, 0, 0, 0.01%, 6, 0, 2, 3351.13
1610089502, 3257, 100, 102, 0, 0, 0.01%, 6, 0, 2, 3356.74
1610089507, 3265, 100, 102, 0, 0, 0.01%, 6, 0, 2, 3359.63
1610089512, 3273, 101, 102, 0, 0, 0.01%, 6, 0, 2, 3340.32
1610089517, 3282, 77, 102, 0, 0, 0.01%, 6, 0, 2, 3341.71
1610089522, 3290, 37, 102, 0, 0, 0.01%, 6, 0, 2, 3346.28
1610089527, 3296, 100, 102, 0, 0, 0.01%, 6, 0, 2, 3327.73
1610089532, 3305, 100, 102, 0, 0, 0.01%, 6, 0, 2, 3343.79
1610089537, 3314, 32, 102, 0, 0, 0.01%, 6, 0, 2, 3353.21
1610089542, 3322, 41, 102, 0, 0, 0.01%, 6, 0, 2, 3352.19
1610089547, 3330, 100, 102, 0, 0, 0.01%, 6, 0, 2, 3348.70
1610089552, 3338, 101, 102, 0, 0, 0.01%, 6, 0, 2, 3352.05
1610089557, 3345, 101, 102, 0, 0, 0.01%, 6, 0, 2, 3352.79
1610089562, 3353, 97, 102, 0, 0, 0.01%, 6, 0, 2, 3337.90
1610089568, 3361, 15, 102, 0, 0, 0.01%, 6, 0, 2, 3374.49
1610089573, 3368, 56, 102, 0, 0, 0.01%, 6, 0, 2, 3356.13
1610089578, 3376, 21, 102, 0, 0, 0.01%, 6, 0, 2, 3350.93
1610089583, 3382, 76, 102, 0, 0, 0.01%, 6, 0, 2, 3351.41
1610089588, 3390, 52, 102, 0, 0, 0.01%, 6, 0, 2, 3348.70
1610089593, 3399, 2, 102, 0, 0, 0.01%, 6, 0, 2, 3348.82
1610089598, 3407, 84, 102, 0, 0, 0.01%, 6, 0, 2, 3343.63
1610089603, 3413, 100, 102, 0, 0, 0.01%, 6, 0, 2, 3340.89
