# unix_time, cycles_done, cur_path, paths_total, pending_total, pending_favs, map_size, unique_crashes, unique_hangs, max_depth, execs_per_sec
1610962446, 0, 0, 102, 102, 1, 0.00%, 0, 0, 1, 571.11
1610962451, 0, 88, 104, 104, 1, 0.00%, 1, 0, 2, 761.33
1610962456, 0, 88, 104, 104, 1, 0.00%, 2, 0, 2, 769.15
1610962461, 0, 102, 104, 103, 2, 0.00%, 3, 0, 2, 772.71
1610962466, 0, 102, 104, 103, 2, 0.00%, 4, 0, 2, 772.23
1610962471, 0, 103, 104, 102, 1, 0.00%, 4, 0, 2, 803.81
1610962481, 1, 8, 104, 101, 0, 0.00%, 4, 0, 2, 793.33
1610962486, 1, 16, 104, 100, 0, 0.00%, 4, 0, 2, 803.84
1610962497, 1, 23, 104, 99, 0, 0.00%, 4, 0, 2, 785.14
1610962502, 1, 26, 104, 98, 0, 0.00%, 4, 0, 2, 791.77
1610962512, 1, 28, 104, 97, 0, 0.00%, 4, 0, 2, 764.56
1610962517, 1, 29, 104, 96, 0, 0.00%, 4, 0, 2, 755.57
1610962527, 1, 30, 104, 95, 0, 0.00%, 4, 0, 2, 761.42
1610962532, 1, 35, 104, 94, 0, 0.00%, 4, 0, 2, 793.37
1610962542, 1, 37, 104, 93, 0, 0.00%, 4, 0, 2, 828.98
1610962547, 1, 40, 104, 92, 0, 0.00%, 4, 0, 2, 851.56
1610962552, 1, 48, 104, 91, 0, 0.00%, 5, 0, 2, 836.30
1610962562, 1, 58, 104, 90, 0, 0.00%, 5, 0, 2, 786.81
1610962567, 1, 60, 104, 89, 0, 0.00%, 5, 0, 2, 775.39
1610962578, 1, 68, 104, 88, 0, 0.00%, 5, 0, 2, 766.41
1610962583, 1, 69, 104, 87, 0, 0.00%, 5, 0, 2, 799.91
1610962593, 1, 70, 104, 86, 0, 0.00%, 5, 0, 2, 794.95
1610962598, 1, 74, 104, 85, 0, 0.00%, 5, 0, 2, 791.81
1610962603, 1, 80, 104, 84, 0, 0.00%, 5, 0, 2, 778.31
1610962613, 1, 84, 104, 83, 0, 0.00%, 5, 0, 2, 792.86
1610962618, 1, 85, 104, 82, 0, 0.00%, 5, 0, 2, 794.86
1610962628, 1, 87, 104, 81, 0, 0.00%, 5, 0, 2, 786.61
1610962633, 1, 88, 104, 80, 0, 0.00%, 5, 0, 2, 772.11
1610962638, 1, 89, 104, 80, 0, 0.00%, 5, 0, 2, 779.11
1610962648, 1, 92, 104, 79, 0, 0.00%, 5, 0, 2, 779.33
1610962653, 1, 94, 104, 78, 0, 0.00%, 5, 0, 2, 784.04
1610962664, 1, 95, 104, 77, 0, 0.00%, 5, 0, 2, 787.59
1610962669, 1, 96, 104, 76, 0, 0.00%, 5, 0, 2, 796.69
1610962679, 1, 97, 104, 75, 0, 0.00%, 5, 0, 2, 785.56
1610962684, 1, 99, 104, 74, 0, 0.00%, 5, 0, 2, 769.56
1610962694, 1, 102, 104, 73, 0, 0.00%, 5, 0, 2, 771.40
1610962699, 1, 103, 104, 73, 0, 0.00%, 5, 0, 2, 807.03
1610962710, 2, 1, 104, 73, 0, 0.00%, 5, 0, 2, 798.70
1610962715, 2, 3, 104, 72, 0, 0.00%, 5, 0, 2, 779.12
1610962725, 2, 5, 104, 71, 0, 0.00%, 5, 0, 2, 787.91
1610962730, 2, 6, 104, 70, 0, 0.00%, 5, 0, 2, 784.99
1610962740, 2, 13, 104, 69, 0, 0.00%, 5, 0, 2, 789.70
1610962745, 2, 31, 104, 68, 0, 0.00%, 5, 0, 2, 788.68
1610962750, 2, 33, 104, 67, 0, 0.00%, 5, 0, 2, 823.17
1610962760, 2, 36, 104, 66, 0, 0.00%, 5, 0, 2, 789.39
1610962765, 2, 38, 104, 65, 0, 0.00%, 5, 0, 2, 786.42
1610962775, 2, 42, 104, 64, 0, 0.00%, 5, 0, 2, 796.97
1610962780, 2, 46, 104, 63, 0, 0.00%, 5, 0, 2, 784.54
1610962791, 2, 56, 104, 62, 0, 0.00%, 5, 0, 2, 774.11
1610962796, 2, 63, 104, 61, 0, 0.00%, 5, 0, 2, 780.53
1610962806, 2, 64, 104, 60, 0, 0.00%, 5, 0, 2, 799.82
